#mSEMS SN:2
#------------
#mSEMS Firmware:1.2
#mSEMS Mfg Date:19/10/3
#UAV Reader Version:6.1
#MCPC SN:16
#
#scan_conf
#---------
#sheath_sp:3.0
#scan_type:0
#scan_max_dia:100
#scan_min_dia:20
#num_bins:60
#bin_time:1.00
#pumbing_time:0.90
#
#hdw_conf
#--------
#mcpc_b_yn:0
#mcpc_b_smpf:0.360
#samp_rh_yn:0
#sheath_rh_yn:0
#
#constants
#---------
#hv_polarity:0
#hv_max_volts:3000
#mcpc_tau:0.250
#mcpc_c2:0.845
#mcpc_c1:7.929
#mcpc_c0:1.025
#col_length:0.06350
#col_r_outer:0.02159
#col_r_inner:0.01905
#
#calibration
#-----------
#sheath_c2:-8461.90
#sheath_c1:1514.00
#sheath_c0:-5313.80
#cal_temp:24.7
#impct_slp:2325.1
#impct_off:-861.6
#press_slp:3879.2
#press_off:-1482.6
#hv_slope:1507.5
#hv_offset:804.2
#
#YY/MM/DD	HR:MN:SC	scan_direction	actual_max_dia	scan_max_volts	scan_min_volts	sheath_flw_avg	sheath_flw_stdev	mcpc_smpf_avg	mcpc_smpf_stdev	press_avg	press_stdev	temp_avg	temp_stdev	bin1	bin2	bin3	bin4	bin5	bin6	bin7	bin8	bin9	bin10	bin11	bin12	bin13	bin14	bin15	bin16	bin17	bin18	bin19	bin20	bin21	bin22	bin23	bin24	bin25	bin26	bin27	bin28	bin29	bin30	bin31	bin32	bin33	bin34	bin35	bin36	bin37	bin38	bin39	bin40	bin41	bin42	bin43	bin44	bin45	bin46	bin47	bin48	bin49	bin50	bin51	bin52	bin53	bin54	bin55	bin56	bin57	bin58	bin59	bin60	sems_errs	mcpc_smpf	mcpc_satf	mcpc_cndt	mcpc_satt	mcpc_errs
19/11/14	12:06:09	1	100	622.5	31.3	2.999	0.00885	0.338	0.00000	1019.2	0.20649	26.5	0.04120	0	0	0	0	0	0	0	0	0	0	0	0	0	0	0	0	0	0	0	0	0	0	0	0	0	0	0	0	0	0	0	0	0	0	0	4	5	13	26	41	30	38	8	1	1	0	0	0	0	0	0	0	0	0	0	0	0	0	0	0	8192	0.337	0.000	19.9	44.9	0
19/11/14	12:06:10	1	100	622.5	31.3	2.999	0.00885	0.338	0.00000	1019.2	0.20649	26.5	0.04120	0	0	0	0	0	0	0	0	0	0	0	0	0	0	0	0	0	0	0	0	0	0	0	0	0	0	0	0	0	0	0	0	0	0	0	4	5	13	26	41	30	38	8	1	1	0	0	0	0	0	0	0	0	0	0	0	0	0	0	0	8192	0.338	0.000	19.9	44.9	0
19/11/14	12:06:11	1	100	622.5	31.3	2.999	0.00885	0.338	0.00000	1019.2	0.20649	26.5	0.04120	0	0	0	0	0	0	0	0	0	0	0	0	0	0	0	0	0	0	0	0	0	0	0	0	0	0	0	0	0	0	0	0	0	0	0	4	5	13	26	41	30	38	8	1	1	0	0	0	0	0	0	0	0	0	0	0	0	0	0	0	8192	0.338	0.000	19.9	44.9	0
19/11/14	12:06:12	1	100	622.5	31.3	2.999	0.00885	0.338	0.00000	1019.2	0.20649	26.5	0.04120	0	0	0	0	0	0	0	0	0	0	0	0	0	0	0	0	0	0	0	0	0	0	0	0	0	0	0	0	0	0	0	0	0	0	0	4	5	13	26	41	30	38	8	1	1	0	0	0	0	0	0	0	0	0	0	0	0	0	0	0	8192	0.338	0.000	19.9	44.9	0
19/11/14	12:06:13	1	100	622.5	31.3	2.999	0.00885	0.338	0.00000	1019.2	0.20649	26.5	0.04120	0	0	0	0	0	0	0	0	0	0	0	0	0	0	0	0	0	0	0	0	0	0	0	0	0	0	0	0	0	0	0	0	0	0	0	4	5	13	26	41	30	38	8	1	1	0	0	0	0	0	0	0	0	0	0	0	0	0	0	0	8192	0.338	0.000	19.9	44.9	0
19/11/14	12:06:14	1	100	622.5	31.3	2.999	0.00885	0.338	0.00000	1019.2	0.20649	26.5	0.04120	0	0	0	0	0	0	0	0	0	0	0	0	0	0	0	0	0	0	0	0	0	0	0	0	0	0	0	0	0	0	0	0	0	0	0	4	5	13	26	41	30	38	8	1	1	0	0	0	0	0	0	0	0	0	0	0	0	0	0	0	8192	0.338	0.000	19.9	45.0	0
19/11/14	12:06:15	1	100	622.5	31.3	2.999	0.00885	0.338	0.00000	1019.2	0.20649	26.5	0.04120	0	0	0	0	0	0	0	0	0	0	0	0	0	0	0	0	0	0	0	0	0	0	0	0	0	0	0	0	0	0	0	0	0	0	0	4	5	13	26	41	30	38	8	1	1	0	0	0	0	0	0	0	0	0	0	0	0	0	0	0	8192	0.339	0.000	19.9	45.0	0
19/11/14	12:06:16	1	100	622.5	31.3	2.999	0.00885	0.338	0.00000	1019.2	0.20649	26.5	0.04120	0	0	0	0	0	0	0	0	0	0	0	0	0	0	0	0	0	0	0	0	0	0	0	0	0	0	0	0	0	0	0	0	0	0	0	4	5	13	26	41	30	38	8	1	1	0	0	0	0	0	0	0	0	0	0	0	0	0	0	0	8192	0.339	0.000	19.9	44.9	0
19/11/14	12:06:17	1	100	622.5	31.3	2.999	0.00885	0.338	0.00000	1019.2	0.20649	26.5	0.04120	0	0	0	0	0	0	0	0	0	0	0	0	0	0	0	0	0	0	0	0	0	0	0	0	0	0	0	0	0	0	0	0	0	0	0	4	5	13	26	41	30	38	8	1	1	0	0	0	0	0	0	0	0	0	0	0	0	0	0	0	8192	0.339	0.000	19.9	44.9	0
19/11/14	12:06:18	1	100	622.5	31.3	2.999	0.00885	0.338	0.00000	1019.2	0.20649	26.5	0.04120	0	0	0	0	0	0	0	0	0	0	0	0	0	0	0	0	0	0	0	0	0	0	0	0	0	0	0	0	0	0	0	0	0	0	0	4	5	13	26	41	30	38	8	1	1	0	0	0	0	0	0	0	0	0	0	0	0	0	0	0	8192	0.337	0.000	19.9	44.9	0
19/11/14	12:06:19	1	100	622.5	31.3	2.999	0.00885	0.338	0.00000	1019.2	0.20649	26.5	0.04120	0	0	0	0	0	0	0	0	0	0	0	0	0	0	0	0	0	0	0	0	0	0	0	0	0	0	0	0	0	0	0	0	0	0	0	4	5	13	26	41	30	38	8	1	1	0	0	0	0	0	0	0	0	0	0	0	0	0	0	0	8192	0.338	0.000	19.9	44.9	0
19/11/14	12:06:20	1	100	622.5	31.3	2.999	0.00885	0.338	0.00000	1019.2	0.20649	26.5	0.04120	0	0	0	0	0	0	0	0	0	0	0	0	0	0	0	0	0	0	0	0	0	0	0	0	0	0	0	0	0	0	0	0	0	0	0	4	5	13	26	41	30	38	8	1	1	0	0	0	0	0	0	0	0	0	0	0	0	0	0	0	8192	0.338	0.000	19.9	44.9	0
19/11/14	12:06:21	1	100	622.5	31.3	2.999	0.00885	0.338	0.00000	1019.2	0.20649	26.5	0.04120	0	0	0	0	0	0	0	0	0	0	0	0	0	0	0	0	0	0	0	0	0	0	0	0	0	0	0	0	0	0	0	0	0	0	0	4	5	13	26	41	30	38	8	1	1	0	0	0	0	0	0	0	0	0	0	0	0	0	0	0	8192	0.338	0.000	19.9	45.0	0
19/11/14	12:06:22	1	100	622.5	31.3	2.999	0.00885	0.338	0.00000	1019.2	0.20649	26.5	0.04120	0	0	0	0	0	0	0	0	0	0	0	0	0	0	0	0	0	0	0	0	0	0	0	0	0	0	0	0	0	0	0	0	0	0	0	4	5	13	26	41	30	38	8	1	1	0	0	0	0	0	0	0	0	0	0	0	0	0	0	0	8192	0.339	0.000	19.9	45.0	0
19/11/14	12:06:23	1	100	622.5	31.3	2.999	0.00885	0.338	0.00000	1019.2	0.20649	26.5	0.04120	0	0	0	0	0	0	0	0	0	0	0	0	0	0	0	0	0	0	0	0	0	0	0	0	0	0	0	0	0	0	0	0	0	0	0	4	5	13	26	41	30	38	8	1	1	0	0	0	0	0	0	0	0	0	0	0	0	0	0	0	8192	0.338	0.000	19.9	44.9	0
19/11/14	12:06:24	1	100	622.5	31.3	2.999	0.00885	0.338	0.00000	1019.2	0.20649	26.5	0.04120	0	0	0	0	0	0	0	0	0	0	0	0	0	0	0	0	0	0	0	0	0	0	0	0	0	0	0	0	0	0	0	0	0	0	0	4	5	13	26	41	30	38	8	1	1	0	0	0	0	0	0	0	0	0	0	0	0	0	0	0	8192	0.338	0.000	19.9	44.9	0
19/11/14	12:06:25	1	100	622.5	31.3	2.999	0.00885	0.338	0.00000	1019.2	0.20649	26.5	0.04120	0	0	0	0	0	0	0	0	0	0	0	0	0	0	0	0	0	0	0	0	0	0	0	0	0	0	0	0	0	0	0	0	0	0	0	4	5	13	26	41	30	38	8	1	1	0	0	0	0	0	0	0	0	0	0	0	0	0	0	0	8192	0.338	0.000	19.9	44.9	0
19/11/14	12:06:26	1	100	622.5	31.3	2.999	0.00885	0.338	0.00000	1019.2	0.20649	26.5	0.04120	0	0	0	0	0	0	0	0	0	0	0	0	0	0	0	0	0	0	0	0	0	0	0	0	0	0	0	0	0	0	0	0	0	0	0	4	5	13	26	41	30	38	8	1	1	0	0	0	0	0	0	0	0	0	0	0	0	0	0	0	8192	0.338	0.000	19.9	44.9	0
19/11/14	12:06:27	1	100	622.5	31.3	2.999	0.00885	0.338	0.00000	1019.2	0.20649	26.5	0.04120	0	0	0	0	0	0	0	0	0	0	0	0	0	0	0	0	0	0	0	0	0	0	0	0	0	0	0	0	0	0	0	0	0	0	0	4	5	13	26	41	30	38	8	1	1	0	0	0	0	0	0	0	0	0	0	0	0	0	0	0	8192	0.338	0.000	19.9	44.9	0
19/11/14	12:06:28	1	100	622.5	31.3	2.999	0.00885	0.338	0.00000	1019.2	0.20649	26.5	0.04120	0	0	0	0	0	0	0	0	0	0	0	0	0	0	0	0	0	0	0	0	0	0	0	0	0	0	0	0	0	0	0	0	0	0	0	4	5	13	26	41	30	38	8	1	1	0	0	0	0	0	0	0	0	0	0	0	0	0	0	0	8192	0.338	0.000	19.9	44.9	0
19/11/14	12:06:29	1	100	622.5	31.3	2.999	0.00885	0.338	0.00000	1019.2	0.20649	26.5	0.04120	0	0	0	0	0	0	0	0	0	0	0	0	0	0	0	0	0	0	0	0	0	0	0	0	0	0	0	0	0	0	0	0	0	0	0	4	5	13	26	41	30	38	8	1	1	0	0	0	0	0	0	0	0	0	0	0	0	0	0	0	8192	0.338	0.000	19.9	45.0	0
19/11/14	12:06:30	1	100	622.5	31.3	2.999	0.00885	0.338	0.00000	1019.2	0.20649	26.5	0.04120	0	0	0	0	0	0	0	0	0	0	0	0	0	0	0	0	0	0	0	0	0	0	0	0	0	0	0	0	0	0	0	0	0	0	0	4	5	13	26	41	30	38	8	1	1	0	0	0	0	0	0	0	0	0	0	0	0	0	0	0	8192	0.338	0.000	19.9	44.9	0
19/11/14	12:06:31	1	100	622.5	31.3	2.999	0.00885	0.338	0.00000	1019.2	0.20649	26.5	0.04120	0	0	0	0	0	0	0	0	0	0	0	0	0	0	0	0	0	0	0	0	0	0	0	0	0	0	0	0	0	0	0	0	0	0	0	4	5	13	26	41	30	38	8	1	1	0	0	0	0	0	0	0	0	0	0	0	0	0	0	0	8192	0.337	0.000	19.9	44.9	0
19/11/14	12:06:32	1	100	622.5	31.3	2.999	0.00885	0.338	0.00000	1019.2	0.20649	26.5	0.04120	0	0	0	0	0	0	0	0	0	0	0	0	0	0	0	0	0	0	0	0	0	0	0	0	0	0	0	0	0	0	0	0	0	0	0	4	5	13	26	41	30	38	8	1	1	0	0	0	0	0	0	0	0	0	0	0	0	0	0	0	8192	0.338	0.000	19.9	44.9	0
19/11/14	12:06:33	1	100	622.5	31.3	2.999	0.00885	0.338	0.00000	1019.2	0.20649	26.5	0.04120	0	0	0	0	0	0	0	0	0	0	0	0	0	0	0	0	0	0	0	0	0	0	0	0	0	0	0	0	0	0	0	0	0	0	0	4	5	13	26	41	30	38	8	1	1	0	0	0	0	0	0	0	0	0	0	0	0	0	0	0	8192	0.337	0.000	19.9	44.9	0
19/11/14	12:06:34	1	100	622.5	31.3	2.999	0.00885	0.338	0.00000	1019.2	0.20649	26.5	0.04120	0	0	0	0	0	0	0	0	0	0	0	0	0	0	0	0	0	0	0	0	0	0	0	0	0	0	0	0	0	0	0	0	0	0	0	4	5	13	26	41	30	38	8	1	1	0	0	0	0	0	0	0	0	0	0	0	0	0	0	0	8192	0.338	0.000	19.9	45.0	0
19/11/14	12:06:35	1	100	622.5	31.3	2.999	0.00885	0.338	0.00000	1019.2	0.20649	26.5	0.04120	0	0	0	0	0	0	0	0	0	0	0	0	0	0	0	0	0	0	0	0	0	0	0	0	0	0	0	0	0	0	0	0	0	0	0	4	5	13	26	41	30	38	8	1	1	0	0	0	0	0	0	0	0	0	0	0	0	0	0	0	8192	0.338	0.000	19.9	44.9	0
19/11/14	12:06:36	1	100	622.5	31.3	2.999	0.00885	0.338	0.00000	1019.2	0.20649	26.5	0.04120	0	0	0	0	0	0	0	0	0	0	0	0	0	0	0	0	0	0	0	0	0	0	0	0	0	0	0	0	0	0	0	0	0	0	0	4	5	13	26	41	30	38	8	1	1	0	0	0	0	0	0	0	0	0	0	0	0	0	0	0	8192	0.338	0.000	19.9	44.9	0
19/11/14	12:06:37	1	100	622.5	31.3	2.999	0.00885	0.338	0.00000	1019.2	0.20649	26.5	0.04120	0	0	0	0	0	0	0	0	0	0	0	0	0	0	0	0	0	0	0	0	0	0	0	0	0	0	0	0	0	0	0	0	0	0	0	4	5	13	26	41	30	38	8	1	1	0	0	0	0	0	0	0	0	0	0	0	0	0	0	0	8192	0.338	0.000	19.9	44.9	0
19/11/14	12:06:38	1	100	622.5	31.3	2.999	0.00885	0.338	0.00000	1019.2	0.20649	26.5	0.04120	0	0	0	0	0	0	0	0	0	0	0	0	0	0	0	0	0	0	0	0	0	0	0	0	0	0	0	0	0	0	0	0	0	0	0	4	5	13	26	41	30	38	8	1	1	0	0	0	0	0	0	0	0	0	0	0	0	0	0	0	8192	0.337	0.000	19.9	44.9	0
19/11/14	12:06:39	1	100	622.5	31.3	2.999	0.00885	0.338	0.00000	1019.2	0.20649	26.5	0.04120	0	0	0	0	0	0	0	0	0	0	0	0	0	0	0	0	0	0	0	0	0	0	0	0	0	0	0	0	0	0	0	0	0	0	0	4	5	13	26	41	30	38	8	1	1	0	0	0	0	0	0	0	0	0	0	0	0	0	0	0	8192	0.337	0.000	19.9	44.9	0
19/11/14	12:06:40	1	100	622.5	31.3	2.999	0.00885	0.338	0.00000	1019.2	0.20649	26.5	0.04120	0	0	0	0	0	0	0	0	0	0	0	0	0	0	0	0	0	0	0	0	0	0	0	0	0	0	0	0	0	0	0	0	0	0	0	4	5	13	26	41	30	38	8	1	1	0	0	0	0	0	0	0	0	0	0	0	0	0	0	0	8192	0.337	0.000	19.9	44.9	0
19/11/14	12:06:41	1	100	622.5	31.3	2.999	0.00885	0.338	0.00000	1019.2	0.20649	26.5	0.04120	0	0	0	0	0	0	0	0	0	0	0	0	0	0	0	0	0	0	0	0	0	0	0	0	0	0	0	0	0	0	0	0	0	0	0	4	5	13	26	41	30	38	8	1	1	0	0	0	0	0	0	0	0	0	0	0	0	0	0	0	8192	0.338	0.000	19.9	44.9	0
19/11/14	12:06:42	1	100	622.5	31.3	2.999	0.00885	0.338	0.00000	1019.2	0.20649	26.5	0.04120	0	0	0	0	0	0	0	0	0	0	0	0	0	0	0	0	0	0	0	0	0	0	0	0	0	0	0	0	0	0	0	0	0	0	0	4	5	13	26	41	30	38	8	1	1	0	0	0	0	0	0	0	0	0	0	0	0	0	0	0	8192	0.337	0.000	19.8	44.9	0
19/11/14	12:06:43	1	100	622.5	31.3	2.999	0.00885	0.338	0.00000	1019.2	0.20649	26.5	0.04120	0	0	0	0	0	0	0	0	0	0	0	0	0	0	0	0	0	0	0	0	0	0	0	0	0	0	0	0	0	0	0	0	0	0	0	4	5	13	26	41	30	38	8	1	1	0	0	0	0	0	0	0	0	0	0	0	0	0	0	0	8192	0.338	0.000	19.8	44.9	0
19/11/14	12:06:44	1	100	622.5	31.3	2.999	0.00885	0.338	0.00000	1019.2	0.20649	26.5	0.04120	0	0	0	0	0	0	0	0	0	0	0	0	0	0	0	0	0	0	0	0	0	0	0	0	0	0	0	0	0	0	0	0	0	0	0	4	5	13	26	41	30	38	8	1	1	0	0	0	0	0	0	0	0	0	0	0	0	0	0	0	8192	0.338	0.000	19.8	44.9	0
19/11/14	12:06:45	1	100	622.5	31.3	2.999	0.00885	0.338	0.00000	1019.2	0.20649	26.5	0.04120	0	0	0	0	0	0	0	0	0	0	0	0	0	0	0	0	0	0	0	0	0	0	0	0	0	0	0	0	0	0	0	0	0	0	0	4	5	13	26	41	30	38	8	1	1	0	0	0	0	0	0	0	0	0	0	0	0	0	0	0	8192	0.338	0.000	19.8	44.9	0
19/11/14	12:06:46	1	100	622.5	31.3	2.999	0.00885	0.338	0.00000	1019.2	0.20649	26.5	0.04120	0	0	0	0	0	0	0	0	0	0	0	0	0	0	0	0	0	0	0	0	0	0	0	0	0	0	0	0	0	0	0	0	0	0	0	4	5	13	26	41	30	38	8	1	1	0	0	0	0	0	0	0	0	0	0	0	0	0	0	0	8192	0.338	0.000	19.9	44.9	0
19/11/14	12:06:47	1	100	622.5	31.3	2.999	0.00885	0.338	0.00000	1019.2	0.20649	26.5	0.04120	0	0	0	0	0	0	0	0	0	0	0	0	0	0	0	0	0	0	0	0	0	0	0	0	0	0	0	0	0	0	0	0	0	0	0	4	5	13	26	41	30	38	8	1	1	0	0	0	0	0	0	0	0	0	0	0	0	0	0	0	8192	0.337	0.000	19.9	44.9	0
19/11/14	12:06:48	1	100	622.5	31.3	2.999	0.00885	0.338	0.00000	1019.2	0.20649	26.5	0.04120	0	0	0	0	0	0	0	0	0	0	0	0	0	0	0	0	0	0	0	0	0	0	0	0	0	0	0	0	0	0	0	0	0	0	0	4	5	13	26	41	30	38	8	1	1	0	0	0	0	0	0	0	0	0	0	0	0	0	0	0	8192	0.338	0.000	19.9	44.9	0
19/11/14	12:06:49	1	100	622.5	31.3	2.999	0.00885	0.338	0.00000	1019.2	0.20649	26.5	0.04120	0	0	0	0	0	0	0	0	0	0	0	0	0	0	0	0	0	0	0	0	0	0	0	0	0	0	0	0	0	0	0	0	0	0	0	4	5	13	26	41	30	38	8	1	1	0	0	0	0	0	0	0	0	0	0	0	0	0	0	0	8192	0.337	0.000	19.9	44.9	0
19/11/14	12:06:50	1	100	622.5	31.3	2.999	0.00885	0.338	0.00000	1019.2	0.20649	26.5	0.04120	0	0	0	0	0	0	0	0	0	0	0	0	0	0	0	0	0	0	0	0	0	0	0	0	0	0	0	0	0	0	0	0	0	0	0	4	5	13	26	41	30	38	8	1	1	0	0	0	0	0	0	0	0	0	0	0	0	0	0	0	8192	0.338	0.000	19.9	44.9	0
19/11/14	12:06:51	1	100	622.5	31.3	2.999	0.00885	0.338	0.00000	1019.2	0.20649	26.5	0.04120	0	0	0	0	0	0	0	0	0	0	0	0	0	0	0	0	0	0	0	0	0	0	0	0	0	0	0	0	0	0	0	0	0	0	0	4	5	13	26	41	30	38	8	1	1	0	0	0	0	0	0	0	0	0	0	0	0	0	0	0	8192	0.338	0.000	19.9	44.9	0
19/11/14	12:06:52	1	100	622.5	31.3	2.999	0.00885	0.338	0.00000	1019.2	0.20649	26.5	0.04120	0	0	0	0	0	0	0	0	0	0	0	0	0	0	0	0	0	0	0	0	0	0	0	0	0	0	0	0	0	0	0	0	0	0	0	4	5	13	26	41	30	38	8	1	1	0	0	0	0	0	0	0	0	0	0	0	0	0	0	0	8192	0.338	0.000	19.9	44.9	0
19/11/14	12:06:53	1	100	622.5	31.3	2.999	0.00885	0.338	0.00000	1019.2	0.20649	26.5	0.04120	0	0	0	0	0	0	0	0	0	0	0	0	0	0	0	0	0	0	0	0	0	0	0	0	0	0	0	0	0	0	0	0	0	0	0	4	5	13	26	41	30	38	8	1	1	0	0	0	0	0	0	0	0	0	0	0	0	0	0	0	8192	0.337	0.000	19.9	44.9	0
19/11/14	12:06:54	1	100	622.5	31.3	2.999	0.00885	0.338	0.00000	1019.2	0.20649	26.5	0.04120	0	0	0	0	0	0	0	0	0	0	0	0	0	0	0	0	0	0	0	0	0	0	0	0	0	0	0	0	0	0	0	0	0	0	0	4	5	13	26	41	30	38	8	1	1	0	0	0	0	0	0	0	0	0	0	0	0	0	0	0	8192	0.337	0.000	19.9	44.9	0
19/11/14	12:06:55	1	100	622.5	31.3	2.999	0.00885	0.338	0.00000	1019.2	0.20649	26.5	0.04120	0	0	0	0	0	0	0	0	0	0	0	0	0	0	0	0	0	0	0	0	0	0	0	0	0	0	0	0	0	0	0	0	0	0	0	4	5	13	26	41	30	38	8	1	1	0	0	0	0	0	0	0	0	0	0	0	0	0	0	0	8192	0.338	0.000	19.9	44.9	0
19/11/14	12:06:56	1	100	622.5	31.3	2.999	0.00885	0.338	0.00000	1019.2	0.20649	26.5	0.04120	0	0	0	0	0	0	0	0	0	0	0	0	0	0	0	0	0	0	0	0	0	0	0	0	0	0	0	0	0	0	0	0	0	0	0	4	5	13	26	41	30	38	8	1	1	0	0	0	0	0	0	0	0	0	0	0	0	0	0	0	8192	0.337	0.000	19.9	44.9	0
19/11/14	12:06:57	1	100	622.5	31.3	2.999	0.00885	0.338	0.00000	1019.2	0.20649	26.5	0.04120	0	0	0	0	0	0	0	0	0	0	0	0	0	0	0	0	0	0	0	0	0	0	0	0	0	0	0	0	0	0	0	0	0	0	0	4	5	13	26	41	30	38	8	1	1	0	0	0	0	0	0	0	0	0	0	0	0	0	0	0	8192	0.338	0.000	19.9	45.0	0
19/11/14	12:06:58	1	100	622.5	31.3	2.999	0.00885	0.338	0.00000	1019.2	0.20649	26.5	0.04120	0	0	0	0	0	0	0	0	0	0	0	0	0	0	0	0	0	0	0	0	0	0	0	0	0	0	0	0	0	0	0	0	0	0	0	4	5	13	26	41	30	38	8	1	1	0	0	0	0	0	0	0	0	0	0	0	0	0	0	0	8192	0.338	0.000	19.9	45.0	0
19/11/14	12:06:59	1	100	622.5	31.3	2.999	0.00885	0.338	0.00000	1019.2	0.20649	26.5	0.04120	0	0	0	0	0	0	0	0	0	0	0	0	0	0	0	0	0	0	0	0	0	0	0	0	0	0	0	0	0	0	0	0	0	0	0	4	5	13	26	41	30	38	8	1	1	0	0	0	0	0	0	0	0	0	0	0	0	0	0	0	8192	0.338	0.000	19.9	44.9	0
19/11/14	12:07:00	0	100	622.7	31.3	3.000	0.00957	0.338	0.00000	1019.4	0.08650	26.6	0.04132	0	0	0	0	0	0	0	0	0	0	0	0	0	0	0	0	0	0	0	0	0	0	0	0	0	0	0	0	0	0	0	0	0	0	1	2	13	17	32	34	36	31	4	2	0	0	0	0	0	0	0	0	0	0	0	0	0	0	0	0	8192	0.338	0.000	19.9	44.9	0
19/11/14	12:07:01	0	100	622.7	31.3	3.000	0.00957	0.338	0.00000	1019.4	0.08650	26.6	0.04132	0	0	0	0	0	0	0	0	0	0	0	0	0	0	0	0	0	0	0	0	0	0	0	0	0	0	0	0	0	0	0	0	0	0	1	2	13	17	32	34	36	31	4	2	0	0	0	0	0	0	0	0	0	0	0	0	0	0	0	0	8192	0.337	0.000	19.9	44.9	0
19/11/14	12:07:02	0	100	622.7	31.3	3.000	0.00957	0.338	0.00000	1019.4	0.08650	26.6	0.04132	0	0	0	0	0	0	0	0	0	0	0	0	0	0	0	0	0	0	0	0	0	0	0	0	0	0	0	0	0	0	0	0	0	0	1	2	13	17	32	34	36	31	4	2	0	0	0	0	0	0	0	0	0	0	0	0	0	0	0	0	8192	0.337	0.000	19.9	44.9	0
19/11/14	12:07:03	0	100	622.7	31.3	3.000	0.00957	0.338	0.00000	1019.4	0.08650	26.6	0.04132	0	0	0	0	0	0	0	0	0	0	0	0	0	0	0	0	0	0	0	0	0	0	0	0	0	0	0	0	0	0	0	0	0	0	1	2	13	17	32	34	36	31	4	2	0	0	0	0	0	0	0	0	0	0	0	0	0	0	0	0	8192	0.337	0.000	19.9	44.9	0
19/11/14	12:07:04	0	100	622.7	31.3	3.000	0.00957	0.338	0.00000	1019.4	0.08650	26.6	0.04132	0	0	0	0	0	0	0	0	0	0	0	0	0	0	0	0	0	0	0	0	0	0	0	0	0	0	0	0	0	0	0	0	0	0	1	2	13	17	32	34	36	31	4	2	0	0	0	0	0	0	0	0	0	0	0	0	0	0	0	0	8192	0.337	0.000	19.9	44.9	0
19/11/14	12:07:05	0	100	622.7	31.3	3.000	0.00957	0.338	0.00000	1019.4	0.08650	26.6	0.04132	0	0	0	0	0	0	0	0	0	0	0	0	0	0	0	0	0	0	0	0	0	0	0	0	0	0	0	0	0	0	0	0	0	0	1	2	13	17	32	34	36	31	4	2	0	0	0	0	0	0	0	0	0	0	0	0	0	0	0	0	8192	0.337	0.000	19.9	45.0	0
19/11/14	12:07:06	0	100	622.7	31.3	3.000	0.00957	0.338	0.00000	1019.4	0.08650	26.6	0.04132	0	0	0	0	0	0	0	0	0	0	0	0	0	0	0	0	0	0	0	0	0	0	0	0	0	0	0	0	0	0	0	0	0	0	1	2	13	17	32	34	36	31	4	2	0	0	0	0	0	0	0	0	0	0	0	0	0	0	0	0	8192	0.338	0.000	19.9	44.9	0
19/11/14	12:07:07	0	100	622.7	31.3	3.000	0.00957	0.338	0.00000	1019.4	0.08650	26.6	0.04132	0	0	0	0	0	0	0	0	0	0	0	0	0	0	0	0	0	0	0	0	0	0	0	0	0	0	0	0	0	0	0	0	0	0	1	2	13	17	32	34	36	31	4	2	0	0	0	0	0	0	0	0	0	0	0	0	0	0	0	0	8192	0.338	0.000	19.9	44.9	0
19/11/14	12:07:08	0	100	622.7	31.3	3.000	0.00957	0.338	0.00000	1019.4	0.08650	26.6	0.04132	0	0	0	0	0	0	0	0	0	0	0	0	0	0	0	0	0	0	0	0	0	0	0	0	0	0	0	0	0	0	0	0	0	0	1	2	13	17	32	34	36	31	4	2	0	0	0	0	0	0	0	0	0	0	0	0	0	0	0	0	8192	0.338	0.000	19.9	44.9	0
19/11/14	12:07:09	0	100	622.7	31.3	3.000	0.00957	0.338	0.00000	1019.4	0.08650	26.6	0.04132	0	0	0	0	0	0	0	0	0	0	0	0	0	0	0	0	0	0	0	0	0	0	0	0	0	0	0	0	0	0	0	0	0	0	1	2	13	17	32	34	36	31	4	2	0	0	0	0	0	0	0	0	0	0	0	0	0	0	0	0	8192	0.338	0.000	19.9	44.9	0
19/11/14	12:07:10	0	100	622.7	31.3	3.000	0.00957	0.338	0.00000	1019.4	0.08650	26.6	0.04132	0	0	0	0	0	0	0	0	0	0	0	0	0	0	0	0	0	0	0	0	0	0	0	0	0	0	0	0	0	0	0	0	0	0	1	2	13	17	32	34	36	31	4	2	0	0	0	0	0	0	0	0	0	0	0	0	0	0	0	0	8192	0.338	0.000	20.0	45.0	0
19/11/14	12:07:11	0	100	622.7	31.3	3.000	0.00957	0.338	0.00000	1019.4	0.08650	26.6	0.04132	0	0	0	0	0	0	0	0	0	0	0	0	0	0	0	0	0	0	0	0	0	0	0	0	0	0	0	0	0	0	0	0	0	0	1	2	13	17	32	34	36	31	4	2	0	0	0	0	0	0	0	0	0	0	0	0	0	0	0	0	8192	0.338	0.000	20.0	44.9	0
19/11/14	12:07:12	0	100	622.7	31.3	3.000	0.00957	0.338	0.00000	1019.4	0.08650	26.6	0.04132	0	0	0	0	0	0	0	0	0	0	0	0	0	0	0	0	0	0	0	0	0	0	0	0	0	0	0	0	0	0	0	0	0	0	1	2	13	17	32	34	36	31	4	2	0	0	0	0	0	0	0	0	0	0	0	0	0	0	0	0	8192	0.336	0.000	19.9	44.9	0
19/11/14	12:07:13	0	100	622.7	31.3	3.000	0.00957	0.338	0.00000	1019.4	0.08650	26.6	0.04132	0	0	0	0	0	0	0	0	0	0	0	0	0	0	0	0	0	0	0	0	0	0	0	0	0	0	0	0	0	0	0	0	0	0	1	2	13	17	32	34	36	31	4	2	0	0	0	0	0	0	0	0	0	0	0	0	0	0	0	0	8192	0.336	0.000	20.0	45.0	0
19/11/14	12:07:14	0	100	622.7	31.3	3.000	0.00957	0.338	0.00000	1019.4	0.08650	26.6	0.04132	0	0	0	0	0	0	0	0	0	0	0	0	0	0	0	0	0	0	0	0	0	0	0	0	0	0	0	0	0	0	0	0	0	0	1	2	13	17	32	34	36	31	4	2	0	0	0	0	0	0	0	0	0	0	0	0	0	0	0	0	8192	0.336	0.000	19.9	45.0	0
19/11/14	12:07:15	0	100	622.7	31.3	3.000	0.00957	0.338	0.00000	1019.4	0.08650	26.6	0.04132	0	0	0	0	0	0	0	0	0	0	0	0	0	0	0	0	0	0	0	0	0	0	0	0	0	0	0	0	0	0	0	0	0	0	1	2	13	17	32	34	36	31	4	2	0	0	0	0	0	0	0	0	0	0	0	0	0	0	0	0	8192	0.337	0.000	20.0	45.0	0
19/11/14	12:07:16	0	100	622.7	31.3	3.000	0.00957	0.338	0.00000	1019.4	0.08650	26.6	0.04132	0	0	0	0	0	0	0	0	0	0	0	0	0	0	0	0	0	0	0	0	0	0	0	0	0	0	0	0	0	0	0	0	0	0	1	2	13	17	32	34	36	31	4	2	0	0	0	0	0	0	0	0	0	0	0	0	0	0	0	0	8192	0.336	0.000	20.0	44.9	0
19/11/14	12:07:17	0	100	622.7	31.3	3.000	0.00957	0.338	0.00000	1019.4	0.08650	26.6	0.04132	0	0	0	0	0	0	0	0	0	0	0	0	0	0	0	0	0	0	0	0	0	0	0	0	0	0	0	0	0	0	0	0	0	0	1	2	13	17	32	34	36	31	4	2	0	0	0	0	0	0	0	0	0	0	0	0	0	0	0	0	8192	0.336	0.000	20.0	44.9	0
19/11/14	12:07:18	0	100	622.7	31.3	3.000	0.00957	0.338	0.00000	1019.4	0.08650	26.6	0.04132	0	0	0	0	0	0	0	0	0	0	0	0	0	0	0	0	0	0	0	0	0	0	0	0	0	0	0	0	0	0	0	0	0	0	1	2	13	17	32	34	36	31	4	2	0	0	0	0	0	0	0	0	0	0	0	0	0	0	0	0	8192	0.336	0.000	20.0	45.0	0
19/11/14	12:07:19	0	100	622.7	31.3	3.000	0.00957	0.338	0.00000	1019.4	0.08650	26.6	0.04132	0	0	0	0	0	0	0	0	0	0	0	0	0	0	0	0	0	0	0	0	0	0	0	0	0	0	0	0	0	0	0	0	0	0	1	2	13	17	32	34	36	31	4	2	0	0	0	0	0	0	0	0	0	0	0	0	0	0	0	0	8192	0.337	0.000	20.0	45.0	0
19/11/14	12:07:20	0	100	622.7	31.3	3.000	0.00957	0.338	0.00000	1019.4	0.08650	26.6	0.04132	0	0	0	0	0	0	0	0	0	0	0	0	0	0	0	0	0	0	0	0	0	0	0	0	0	0	0	0	0	0	0	0	0	0	1	2	13	17	32	34	36	31	4	2	0	0	0	0	0	0	0	0	0	0	0	0	0	0	0	0	8192	0.336	0.000	20.0	45.0	0
19/11/14	12:07:21	0	100	622.7	31.3	3.000	0.00957	0.338	0.00000	1019.4	0.08650	26.6	0.04132	0	0	0	0	0	0	0	0	0	0	0	0	0	0	0	0	0	0	0	0	0	0	0	0	0	0	0	0	0	0	0	0	0	0	1	2	13	17	32	34	36	31	4	2	0	0	0	0	0	0	0	0	0	0	0	0	0	0	0	0	8192	0.336	0.000	20.0	45.0	0
19/11/14	12:07:22	0	100	622.7	31.3	3.000	0.00957	0.338	0.00000	1019.4	0.08650	26.6	0.04132	0	0	0	0	0	0	0	0	0	0	0	0	0	0	0	0	0	0	0	0	0	0	0	0	0	0	0	0	0	0	0	0	0	0	1	2	13	17	32	34	36	31	4	2	0	0	0	0	0	0	0	0	0	0	0	0	0	0	0	0	8192	0.336	0.000	20.0	45.0	0
19/11/14	12:07:23	0	100	622.7	31.3	3.000	0.00957	0.338	0.00000	1019.4	0.08650	26.6	0.04132	0	0	0	0	0	0	0	0	0	0	0	0	0	0	0	0	0	0	0	0	0	0	0	0	0	0	0	0	0	0	0	0	0	0	1	2	13	17	32	34	36	31	4	2	0	0	0	0	0	0	0	0	0	0	0	0	0	0	0	0	8192	0.337	0.000	20.0	45.0	0
19/11/14	12:07:24	0	100	622.7	31.3	3.000	0.00957	0.338	0.00000	1019.4	0.08650	26.6	0.04132	0	0	0	0	0	0	0	0	0	0	0	0	0	0	0	0	0	0	0	0	0	0	0	0	0	0	0	0	0	0	0	0	0	0	1	2	13	17	32	34	36	31	4	2	0	0	0	0	0	0	0	0	0	0	0	0	0	0	0	0	8192	0.337	0.000	20.0	45.0	0
19/11/14	12:07:25	0	100	622.7	31.3	3.000	0.00957	0.338	0.00000	1019.4	0.08650	26.6	0.04132	0	0	0	0	0	0	0	0	0	0	0	0	0	0	0	0	0	0	0	0	0	0	0	0	0	0	0	0	0	0	0	0	0	0	1	2	13	17	32	34	36	31	4	2	0	0	0	0	0	0	0	0	0	0	0	0	0	0	0	0	8192	0.337	0.000	20.0	45.0	0
19/11/14	12:07:26	0	100	622.7	31.3	3.000	0.00957	0.338	0.00000	1019.4	0.08650	26.6	0.04132	0	0	0	0	0	0	0	0	0	0	0	0	0	0	0	0	0	0	0	0	0	0	0	0	0	0	0	0	0	0	0	0	0	0	1	2	13	17	32	34	36	31	4	2	0	0	0	0	0	0	0	0	0	0	0	0	0	0	0	0	8192	0.337	0.000	20.0	45.0	0
19/11/14	12:07:27	0	100	622.7	31.3	3.000	0.00957	0.338	0.00000	1019.4	0.08650	26.6	0.04132	0	0	0	0	0	0	0	0	0	0	0	0	0	0	0	0	0	0	0	0	0	0	0	0	0	0	0	0	0	0	0	0	0	0	1	2	13	17	32	34	36	31	4	2	0	0	0	0	0	0	0	0	0	0	0	0	0	0	0	0	8192	0.337	0.000	20.0	45.1	0
19/11/14	12:07:28	0	100	622.7	31.3	3.000	0.00957	0.338	0.00000	1019.4	0.08650	26.6	0.04132	0	0	0	0	0	0	0	0	0	0	0	0	0	0	0	0	0	0	0	0	0	0	0	0	0	0	0	0	0	0	0	0	0	0	1	2	13	17	32	34	36	31	4	2	0	0	0	0	0	0	0	0	0	0	0	0	0	0	0	0	8192	0.338	0.000	20.0	45.1	0
19/11/14	12:07:29	0	100	622.7	31.3	3.000	0.00957	0.338	0.00000	1019.4	0.08650	26.6	0.04132	0	0	0	0	0	0	0	0	0	0	0	0	0	0	0	0	0	0	0	0	0	0	0	0	0	0	0	0	0	0	0	0	0	0	1	2	13	17	32	34	36	31	4	2	0	0	0	0	0	0	0	0	0	0	0	0	0	0	0	0	8192	0.337	0.000	20.0	45.0	0
19/11/14	12:07:30	0	100	622.7	31.3	3.000	0.00957	0.338	0.00000	1019.4	0.08650	26.6	0.04132	0	0	0	0	0	0	0	0	0	0	0	0	0	0	0	0	0	0	0	0	0	0	0	0	0	0	0	0	0	0	0	0	0	0	1	2	13	17	32	34	36	31	4	2	0	0	0	0	0	0	0	0	0	0	0	0	0	0	0	0	8192	0.337	0.000	20.0	45.0	0
19/11/14	12:07:31	0	100	622.7	31.3	3.000	0.00957	0.338	0.00000	1019.4	0.08650	26.6	0.04132	0	0	0	0	0	0	0	0	0	0	0	0	0	0	0	0	0	0	0	0	0	0	0	0	0	0	0	0	0	0	0	0	0	0	1	2	13	17	32	34	36	31	4	2	0	0	0	0	0	0	0	0	0	0	0	0	0	0	0	0	8192	0.337	0.000	20.0	45.0	0
19/11/14	12:07:32	0	100	622.7	31.3	3.000	0.00957	0.338	0.00000	1019.4	0.08650	26.6	0.04132	0	0	0	0	0	0	0	0	0	0	0	0	0	0	0	0	0	0	0	0	0	0	0	0	0	0	0	0	0	0	0	0	0	0	1	2	13	17	32	34	36	31	4	2	0	0	0	0	0	0	0	0	0	0	0	0	0	0	0	0	8192	0.337	0.000	20.0	45.0	0
19/11/14	12:07:33	0	100	622.7	31.3	3.000	0.00957	0.338	0.00000	1019.4	0.08650	26.6	0.04132	0	0	0	0	0	0	0	0	0	0	0	0	0	0	0	0	0	0	0	0	0	0	0	0	0	0	0	0	0	0	0	0	0	0	1	2	13	17	32	34	36	31	4	2	0	0	0	0	0	0	0	0	0	0	0	0	0	0	0	0	8192	0.336	0.000	20.0	45.0	0
19/11/14	12:07:34	0	100	622.7	31.3	3.000	0.00957	0.338	0.00000	1019.4	0.08650	26.6	0.04132	0	0	0	0	0	0	0	0	0	0	0	0	0	0	0	0	0	0	0	0	0	0	0	0	0	0	0	0	0	0	0	0	0	0	1	2	13	17	32	34	36	31	4	2	0	0	0	0	0	0	0	0	0	0	0	0	0	0	0	0	8192	0.338	0.000	20.0	45.1	0
19/11/14	12:07:35	0	100	622.7	31.3	3.000	0.00957	0.338	0.00000	1019.4	0.08650	26.6	0.04132	0	0	0	0	0	0	0	0	0	0	0	0	0	0	0	0	0	0	0	0	0	0	0	0	0	0	0	0	0	0	0	0	0	0	1	2	13	17	32	34	36	31	4	2	0	0	0	0	0	0	0	0	0	0	0	0	0	0	0	0	8192	0.340	0.000	20.0	45.0	0
19/11/14	12:07:36	0	100	622.7	31.3	3.000	0.00957	0.338	0.00000	1019.4	0.08650	26.6	0.04132	0	0	0	0	0	0	0	0	0	0	0	0	0	0	0	0	0	0	0	0	0	0	0	0	0	0	0	0	0	0	0	0	0	0	1	2	13	17	32	34	36	31	4	2	0	0	0	0	0	0	0	0	0	0	0	0	0	0	0	0	8192	0.341	0.000	20.0	45.0	0
19/11/14	12:07:37	0	100	622.7	31.3	3.000	0.00957	0.338	0.00000	1019.4	0.08650	26.6	0.04132	0	0	0	0	0	0	0	0	0	0	0	0	0	0	0	0	0	0	0	0	0	0	0	0	0	0	0	0	0	0	0	0	0	0	1	2	13	17	32	34	36	31	4	2	0	0	0	0	0	0	0	0	0	0	0	0	0	0	0	0	8192	0.340	0.000	20.0	45.1	0
19/11/14	12:07:38	0	100	622.7	31.3	3.000	0.00957	0.338	0.00000	1019.4	0.08650	26.6	0.04132	0	0	0	0	0	0	0	0	0	0	0	0	0	0	0	0	0	0	0	0	0	0	0	0	0	0	0	0	0	0	0	0	0	0	1	2	13	17	32	34	36	31	4	2	0	0	0	0	0	0	0	0	0	0	0	0	0	0	0	0	8192	0.340	0.000	20.0	45.1	0
19/11/14	12:07:39	0	100	622.7	31.3	3.000	0.00957	0.338	0.00000	1019.4	0.08650	26.6	0.04132	0	0	0	0	0	0	0	0	0	0	0	0	0	0	0	0	0	0	0	0	0	0	0	0	0	0	0	0	0	0	0	0	0	0	1	2	13	17	32	34	36	31	4	2	0	0	0	0	0	0	0	0	0	0	0	0	0	0	0	0	8192	0.341	0.000	20.0	45.1	0
19/11/14	12:07:40	0	100	622.7	31.3	3.000	0.00957	0.338	0.00000	1019.4	0.08650	26.6	0.04132	0	0	0	0	0	0	0	0	0	0	0	0	0	0	0	0	0	0	0	0	0	0	0	0	0	0	0	0	0	0	0	0	0	0	1	2	13	17	32	34	36	31	4	2	0	0	0	0	0	0	0	0	0	0	0	0	0	0	0	0	8192	0.340	0.000	20.0	45.0	0
19/11/14	12:07:41	0	100	622.7	31.3	3.000	0.00957	0.338	0.00000	1019.4	0.08650	26.6	0.04132	0	0	0	0	0	0	0	0	0	0	0	0	0	0	0	0	0	0	0	0	0	0	0	0	0	0	0	0	0	0	0	0	0	0	1	2	13	17	32	34	36	31	4	2	0	0	0	0	0	0	0	0	0	0	0	0	0	0	0	0	8192	0.340	0.000	20.0	45.0	0
19/11/14	12:07:42	0	100	622.7	31.3	3.000	0.00957	0.338	0.00000	1019.4	0.08650	26.6	0.04132	0	0	0	0	0	0	0	0	0	0	0	0	0	0	0	0	0	0	0	0	0	0	0	0	0	0	0	0	0	0	0	0	0	0	1	2	13	17	32	34	36	31	4	2	0	0	0	0	0	0	0	0	0	0	0	0	0	0	0	0	8192	0.340	0.000	20.0	45.0	0
19/11/14	12:07:43	0	100	622.7	31.3	3.000	0.00957	0.338	0.00000	1019.4	0.08650	26.6	0.04132	0	0	0	0	0	0	0	0	0	0	0	0	0	0	0	0	0	0	0	0	0	0	0	0	0	0	0	0	0	0	0	0	0	0	1	2	13	17	32	34	36	31	4	2	0	0	0	0	0	0	0	0	0	0	0	0	0	0	0	0	8192	0.341	0.000	20.0	45.0	0
19/11/14	12:07:44	0	100	622.7	31.3	3.000	0.00957	0.338	0.00000	1019.4	0.08650	26.6	0.04132	0	0	0	0	0	0	0	0	0	0	0	0	0	0	0	0	0	0	0	0	0	0	0	0	0	0	0	0	0	0	0	0	0	0	1	2	13	17	32	34	36	31	4	2	0	0	0	0	0	0	0	0	0	0	0	0	0	0	0	0	8192	0.340	0.000	20.0	45.0	0
19/11/14	12:07:45	0	100	622.7	31.3	3.000	0.00957	0.338	0.00000	1019.4	0.08650	26.6	0.04132	0	0	0	0	0	0	0	0	0	0	0	0	0	0	0	0	0	0	0	0	0	0	0	0	0	0	0	0	0	0	0	0	0	0	1	2	13	17	32	34	36	31	4	2	0	0	0	0	0	0	0	0	0	0	0	0	0	0	0	0	8192	0.341	0.000	20.0	45.0	0
19/11/14	12:07:46	0	100	622.7	31.3	3.000	0.00957	0.338	0.00000	1019.4	0.08650	26.6	0.04132	0	0	0	0	0	0	0	0	0	0	0	0	0	0	0	0	0	0	0	0	0	0	0	0	0	0	0	0	0	0	0	0	0	0	1	2	13	17	32	34	36	31	4	2	0	0	0	0	0	0	0	0	0	0	0	0	0	0	0	0	8192	0.340	0.000	20.0	45.0	0
19/11/14	12:07:47	0	100	622.7	31.3	3.000	0.00957	0.338	0.00000	1019.4	0.08650	26.6	0.04132	0	0	0	0	0	0	0	0	0	0	0	0	0	0	0	0	0	0	0	0	0	0	0	0	0	0	0	0	0	0	0	0	0	0	1	2	13	17	32	34	36	31	4	2	0	0	0	0	0	0	0	0	0	0	0	0	0	0	0	0	8192	0.340	0.000	20.0	45.1	0
19/11/14	12:07:48	0	100	622.7	31.3	3.000	0.00957	0.338	0.00000	1019.4	0.08650	26.6	0.04132	0	0	0	0	0	0	0	0	0	0	0	0	0	0	0	0	0	0	0	0	0	0	0	0	0	0	0	0	0	0	0	0	0	0	1	2	13	17	32	34	36	31	4	2	0	0	0	0	0	0	0	0	0	0	0	0	0	0	0	0	8192	0.341	0.000	20.0	45.0	0
19/11/14	12:07:49	0	100	622.7	31.3	3.000	0.00957	0.338	0.00000	1019.4	0.08650	26.6	0.04132	0	0	0	0	0	0	0	0	0	0	0	0	0	0	0	0	0	0	0	0	0	0	0	0	0	0	0	0	0	0	0	0	0	0	1	2	13	17	32	34	36	31	4	2	0	0	0	0	0	0	0	0	0	0	0	0	0	0	0	0	8192	0.341	0.000	20.0	45.0	0
19/11/14	12:07:50	0	100	622.7	31.3	3.000	0.00957	0.338	0.00000	1019.4	0.08650	26.6	0.04132	0	0	0	0	0	0	0	0	0	0	0	0	0	0	0	0	0	0	0	0	0	0	0	0	0	0	0	0	0	0	0	0	0	0	1	2	13	17	32	34	36	31	4	2	0	0	0	0	0	0	0	0	0	0	0	0	0	0	0	0	8192	0.341	0.000	20.0	45.0	0
19/11/14	12:07:51	0	100	622.7	31.3	3.000	0.00957	0.338	0.00000	1019.4	0.08650	26.6	0.04132	0	0	0	0	0	0	0	0	0	0	0	0	0	0	0	0	0	0	0	0	0	0	0	0	0	0	0	0	0	0	0	0	0	0	1	2	13	17	32	34	36	31	4	2	0	0	0	0	0	0	0	0	0	0	0	0	0	0	0	0	8192	0.341	0.000	20.0	45.0	0
19/11/14	12:07:52	0	100	622.7	31.3	3.000	0.00957	0.338	0.00000	1019.4	0.08650	26.6	0.04132	0	0	0	0	0	0	0	0	0	0	0	0	0	0	0	0	0	0	0	0	0	0	0	0	0	0	0	0	0	0	0	0	0	0	1	2	13	17	32	34	36	31	4	2	0	0	0	0	0	0	0	0	0	0	0	0	0	0	0	0	8192	0.340	0.000	20.0	45.0	0
19/11/14	12:07:53	0	100	622.7	31.3	3.000	0.00957	0.338	0.00000	1019.4	0.08650	26.6	0.04132	0	0	0	0	0	0	0	0	0	0	0	0	0	0	0	0	0	0	0	0	0	0	0	0	0	0	0	0	0	0	0	0	0	0	1	2	13	17	32	34	36	31	4	2	0	0	0	0	0	0	0	0	0	0	0	0	0	0	0	0	8192	0.341	0.000	20.0	45.0	0
19/11/14	12:07:54	0	100	622.7	31.3	3.000	0.00957	0.338	0.00000	1019.4	0.08650	26.6	0.04132	0	0	0	0	0	0	0	0	0	0	0	0	0	0	0	0	0	0	0	0	0	0	0	0	0	0	0	0	0	0	0	0	0	0	1	2	13	17	32	34	36	31	4	2	0	0	0	0	0	0	0	0	0	0	0	0	0	0	0	0	8192	0.340	0.000	20.0	45.0	0
19/11/14	12:07:55	0	100	622.7	31.3	3.000	0.00957	0.338	0.00000	1019.4	0.08650	26.6	0.04132	0	0	0	0	0	0	0	0	0	0	0	0	0	0	0	0	0	0	0	0	0	0	0	0	0	0	0	0	0	0	0	0	0	0	1	2	13	17	32	34	36	31	4	2	0	0	0	0	0	0	0	0	0	0	0	0	0	0	0	0	8192	0.341	0.000	20.0	45.1	0
19/11/14	12:07:56	0	100	622.7	31.3	3.000	0.00957	0.338	0.00000	1019.4	0.08650	26.6	0.04132	0	0	0	0	0	0	0	0	0	0	0	0	0	0	0	0	0	0	0	0	0	0	0	0	0	0	0	0	0	0	0	0	0	0	1	2	13	17	32	34	36	31	4	2	0	0	0	0	0	0	0	0	0	0	0	0	0	0	0	0	8192	0.341	0.000	20.0	45.1	0
19/11/14	12:07:57	0	100	622.7	31.3	3.000	0.00957	0.338	0.00000	1019.4	0.08650	26.6	0.04132	0	0	0	0	0	0	0	0	0	0	0	0	0	0	0	0	0	0	0	0	0	0	0	0	0	0	0	0	0	0	0	0	0	0	1	2	13	17	32	34	36	31	4	2	0	0	0	0	0	0	0	0	0	0	0	0	0	0	0	0	8192	0.340	0.000	20.0	45.0	0
19/11/14	12:07:58	0	100	622.7	31.3	3.000	0.00957	0.338	0.00000	1019.4	0.08650	26.6	0.04132	0	0	0	0	0	0	0	0	0	0	0	0	0	0	0	0	0	0	0	0	0	0	0	0	0	0	0	0	0	0	0	0	0	0	1	2	13	17	32	34	36	31	4	2	0	0	0	0	0	0	0	0	0	0	0	0	0	0	0	0	8192	0.340	0.000	20.0	45.0	0
19/11/14	12:07:59	0	100	622.7	31.3	3.000	0.00957	0.338	0.00000	1019.4	0.08650	26.6	0.04132	0	0	0	0	0	0	0	0	0	0	0	0	0	0	0	0	0	0	0	0	0	0	0	0	0	0	0	0	0	0	0	0	0	0	1	2	13	17	32	34	36	31	4	2	0	0	0	0	0	0	0	0	0	0	0	0	0	0	0	0	8192	0.340	0.000	20.0	45.0	0
19/11/14	12:08:00	0	100	622.7	31.3	3.000	0.00957	0.338	0.00000	1019.4	0.08650	26.6	0.04132	0	0	0	0	0	0	0	0	0	0	0	0	0	0	0	0	0	0	0	0	0	0	0	0	0	0	0	0	0	0	0	0	0	0	1	2	13	17	32	34	36	31	4	2	0	0	0	0	0	0	0	0	0	0	0	0	0	0	0	0	8192	0.341	0.000	20.0	45.0	0
19/11/14	12:08:01	0	100	622.7	31.3	3.000	0.00957	0.338	0.00000	1019.4	0.08650	26.6	0.04132	0	0	0	0	0	0	0	0	0	0	0	0	0	0	0	0	0	0	0	0	0	0	0	0	0	0	0	0	0	0	0	0	0	0	1	2	13	17	32	34	36	31	4	2	0	0	0	0	0	0	0	0	0	0	0	0	0	0	0	0	8192	0.340	0.000	20.0	45.0	0
19/11/14	12:08:02	0	100	622.7	31.3	3.000	0.00957	0.338	0.00000	1019.4	0.08650	26.6	0.04132	0	0	0	0	0	0	0	0	0	0	0	0	0	0	0	0	0	0	0	0	0	0	0	0	0	0	0	0	0	0	0	0	0	0	1	2	13	17	32	34	36	31	4	2	0	0	0	0	0	0	0	0	0	0	0	0	0	0	0	0	8192	0.340	0.000	20.0	45.0	0
19/11/14	12:08:03	0	100	622.7	31.3	3.000	0.00957	0.338	0.00000	1019.4	0.08650	26.6	0.04132	0	0	0	0	0	0	0	0	0	0	0	0	0	0	0	0	0	0	0	0	0	0	0	0	0	0	0	0	0	0	0	0	0	0	1	2	13	17	32	34	36	31	4	2	0	0	0	0	0	0	0	0	0	0	0	0	0	0	0	0	8192	0.340	0.000	20.0	45.1	0
19/11/14	12:08:04	0	100	622.7	31.3	3.000	0.00957	0.338	0.00000	1019.4	0.08650	26.6	0.04132	0	0	0	0	0	0	0	0	0	0	0	0	0	0	0	0	0	0	0	0	0	0	0	0	0	0	0	0	0	0	0	0	0	0	1	2	13	17	32	34	36	31	4	2	0	0	0	0	0	0	0	0	0	0	0	0	0	0	0	0	8192	0.340	0.000	20.0	45.1	0
19/11/14	12:08:05	0	100	622.7	31.3	3.000	0.00957	0.338	0.00000	1019.4	0.08650	26.6	0.04132	0	0	0	0	0	0	0	0	0	0	0	0	0	0	0	0	0	0	0	0	0	0	0	0	0	0	0	0	0	0	0	0	0	0	1	2	13	17	32	34	36	31	4	2	0	0	0	0	0	0	0	0	0	0	0	0	0	0	0	0	8192	0.340	0.000	20.0	45.0	0
19/11/14	12:08:06	1	100	622.7	31.3	2.999	0.00984	0.339	0.00000	1019.1	0.15981	26.8	0.03895	0	0	0	0	0	0	0	0	0	0	0	0	0	0	0	0	0	0	0	0	0	0	0	0	0	0	0	0	0	0	0	0	0	0	0	3	2	15	32	32	39	29	11	5	0	0	0	0	0	0	0	0	0	0	0	0	0	0	0	0	8192	0.340	0.000	20.0	45.0	0
19/11/14	12:08:07	1	100	622.7	31.3	2.999	0.00984	0.339	0.00000	1019.1	0.15981	26.8	0.03895	0	0	0	0	0	0	0	0	0	0	0	0	0	0	0	0	0	0	0	0	0	0	0	0	0	0	0	0	0	0	0	0	0	0	0	3	2	15	32	32	39	29	11	5	0	0	0	0	0	0	0	0	0	0	0	0	0	0	0	0	8192	0.340	0.000	20.0	45.0	0
19/11/14	12:08:08	1	100	622.7	31.3	2.999	0.00984	0.339	0.00000	1019.1	0.15981	26.8	0.03895	0	0	0	0	0	0	0	0	0	0	0	0	0	0	0	0	0	0	0	0	0	0	0	0	0	0	0	0	0	0	0	0	0	0	0	3	2	15	32	32	39	29	11	5	0	0	0	0	0	0	0	0	0	0	0	0	0	0	0	0	8192	0.339	0.000	20.0	45.0	0
19/11/14	12:08:09	1	100	622.7	31.3	2.999	0.00984	0.339	0.00000	1019.1	0.15981	26.8	0.03895	0	0	0	0	0	0	0	0	0	0	0	0	0	0	0	0	0	0	0	0	0	0	0	0	0	0	0	0	0	0	0	0	0	0	0	3	2	15	32	32	39	29	11	5	0	0	0	0	0	0	0	0	0	0	0	0	0	0	0	0	8192	0.339	0.000	20.0	45.0	0
19/11/14	12:08:10	1	100	622.7	31.3	2.999	0.00984	0.339	0.00000	1019.1	0.15981	26.8	0.03895	0	0	0	0	0	0	0	0	0	0	0	0	0	0	0	0	0	0	0	0	0	0	0	0	0	0	0	0	0	0	0	0	0	0	0	3	2	15	32	32	39	29	11	5	0	0	0	0	0	0	0	0	0	0	0	0	0	0	0	0	8192	0.340	0.000	20.0	45.0	0
19/11/14	12:08:11	1	100	622.7	31.3	2.999	0.00984	0.339	0.00000	1019.1	0.15981	26.8	0.03895	0	0	0	0	0	0	0	0	0	0	0	0	0	0	0	0	0	0	0	0	0	0	0	0	0	0	0	0	0	0	0	0	0	0	0	3	2	15	32	32	39	29	11	5	0	0	0	0	0	0	0	0	0	0	0	0	0	0	0	0	8192	0.340	0.000	20.0	45.0	0
19/11/14	12:08:12	1	100	622.7	31.3	2.999	0.00984	0.339	0.00000	1019.1	0.15981	26.8	0.03895	0	0	0	0	0	0	0	0	0	0	0	0	0	0	0	0	0	0	0	0	0	0	0	0	0	0	0	0	0	0	0	0	0	0	0	3	2	15	32	32	39	29	11	5	0	0	0	0	0	0	0	0	0	0	0	0	0	0	0	0	8192	0.340	0.000	20.0	45.0	0
19/11/14	12:08:13	1	100	622.7	31.3	2.999	0.00984	0.339	0.00000	1019.1	0.15981	26.8	0.03895	0	0	0	0	0	0	0	0	0	0	0	0	0	0	0	0	0	0	0	0	0	0	0	0	0	0	0	0	0	0	0	0	0	0	0	3	2	15	32	32	39	29	11	5	0	0	0	0	0	0	0	0	0	0	0	0	0	0	0	0	8192	0.340	0.000	20.0	45.0	0
19/11/14	12:08:14	1	100	622.7	31.3	2.999	0.00984	0.339	0.00000	1019.1	0.15981	26.8	0.03895	0	0	0	0	0	0	0	0	0	0	0	0	0	0	0	0	0	0	0	0	0	0	0	0	0	0	0	0	0	0	0	0	0	0	0	3	2	15	32	32	39	29	11	5	0	0	0	0	0	0	0	0	0	0	0	0	0	0	0	0	8192	0.340	0.000	20.0	45.1	0
19/11/14	12:08:15	1	100	622.7	31.3	2.999	0.00984	0.339	0.00000	1019.1	0.15981	26.8	0.03895	0	0	0	0	0	0	0	0	0	0	0	0	0	0	0	0	0	0	0	0	0	0	0	0	0	0	0	0	0	0	0	0	0	0	0	3	2	15	32	32	39	29	11	5	0	0	0	0	0	0	0	0	0	0	0	0	0	0	0	0	8192	0.341	0.000	20.0	45.0	0
19/11/14	12:08:16	1	100	622.7	31.3	2.999	0.00984	0.339	0.00000	1019.1	0.15981	26.8	0.03895	0	0	0	0	0	0	0	0	0	0	0	0	0	0	0	0	0	0	0	0	0	0	0	0	0	0	0	0	0	0	0	0	0	0	0	3	2	15	32	32	39	29	11	5	0	0	0	0	0	0	0	0	0	0	0	0	0	0	0	0	8192	0.341	0.000	20.0	45.0	0
19/11/14	12:08:17	1	100	622.7	31.3	2.999	0.00984	0.339	0.00000	1019.1	0.15981	26.8	0.03895	0	0	0	0	0	0	0	0	0	0	0	0	0	0	0	0	0	0	0	0	0	0	0	0	0	0	0	0	0	0	0	0	0	0	0	3	2	15	32	32	39	29	11	5	0	0	0	0	0	0	0	0	0	0	0	0	0	0	0	0	8192	0.340	0.000	20.0	45.0	0
19/11/14	12:08:18	1	100	622.7	31.3	2.999	0.00984	0.339	0.00000	1019.1	0.15981	26.8	0.03895	0	0	0	0	0	0	0	0	0	0	0	0	0	0	0	0	0	0	0	0	0	0	0	0	0	0	0	0	0	0	0	0	0	0	0	3	2	15	32	32	39	29	11	5	0	0	0	0	0	0	0	0	0	0	0	0	0	0	0	0	8192	0.339	0.000	20.0	45.0	0
19/11/14	12:08:19	1	100	622.7	31.3	2.999	0.00984	0.339	0.00000	1019.1	0.15981	26.8	0.03895	0	0	0	0	0	0	0	0	0	0	0	0	0	0	0	0	0	0	0	0	0	0	0	0	0	0	0	0	0	0	0	0	0	0	0	3	2	15	32	32	39	29	11	5	0	0	0	0	0	0	0	0	0	0	0	0	0	0	0	0	8192	0.340	0.000	20.0	45.0	0
19/11/14	12:08:20	1	100	622.7	31.3	2.999	0.00984	0.339	0.00000	1019.1	0.15981	26.8	0.03895	0	0	0	0	0	0	0	0	0	0	0	0	0	0	0	0	0	0	0	0	0	0	0	0	0	0	0	0	0	0	0	0	0	0	0	3	2	15	32	32	39	29	11	5	0	0	0	0	0	0	0	0	0	0	0	0	0	0	0	0	8192	0.340	0.000	20.0	45.1	0
19/11/14	12:08:21	1	100	622.7	31.3	2.999	0.00984	0.339	0.00000	1019.1	0.15981	26.8	0.03895	0	0	0	0	0	0	0	0	0	0	0	0	0	0	0	0	0	0	0	0	0	0	0	0	0	0	0	0	0	0	0	0	0	0	0	3	2	15	32	32	39	29	11	5	0	0	0	0	0	0	0	0	0	0	0	0	0	0	0	0	8192	0.341	0.000	20.0	45.0	0
19/11/14	12:08:22	1	100	622.7	31.3	2.999	0.00984	0.339	0.00000	1019.1	0.15981	26.8	0.03895	0	0	0	0	0	0	0	0	0	0	0	0	0	0	0	0	0	0	0	0	0	0	0	0	0	0	0	0	0	0	0	0	0	0	0	3	2	15	32	32	39	29	11	5	0	0	0	0	0	0	0	0	0	0	0	0	0	0	0	0	8192	0.341	0.000	20.0	45.1	0
19/11/14	12:08:23	1	100	622.7	31.3	2.999	0.00984	0.339	0.00000	1019.1	0.15981	26.8	0.03895	0	0	0	0	0	0	0	0	0	0	0	0	0	0	0	0	0	0	0	0	0	0	0	0	0	0	0	0	0	0	0	0	0	0	0	3	2	15	32	32	39	29	11	5	0	0	0	0	0	0	0	0	0	0	0	0	0	0	0	0	8192	0.340	0.000	20.0	45.0	0
19/11/14	12:08:24	1	100	622.7	31.3	2.999	0.00984	0.339	0.00000	1019.1	0.15981	26.8	0.03895	0	0	0	0	0	0	0	0	0	0	0	0	0	0	0	0	0	0	0	0	0	0	0	0	0	0	0	0	0	0	0	0	0	0	0	3	2	15	32	32	39	29	11	5	0	0	0	0	0	0	0	0	0	0	0	0	0	0	0	0	8192	0.340	0.000	20.0	45.0	0
19/11/14	12:08:25	1	100	622.7	31.3	2.999	0.00984	0.339	0.00000	1019.1	0.15981	26.8	0.03895	0	0	0	0	0	0	0	0	0	0	0	0	0	0	0	0	0	0	0	0	0	0	0	0	0	0	0	0	0	0	0	0	0	0	0	3	2	15	32	32	39	29	11	5	0	0	0	0	0	0	0	0	0	0	0	0	0	0	0	0	8192	0.340	0.000	20.0	45.0	0
19/11/14	12:08:26	1	100	622.7	31.3	2.999	0.00984	0.339	0.00000	1019.1	0.15981	26.8	0.03895	0	0	0	0	0	0	0	0	0	0	0	0	0	0	0	0	0	0	0	0	0	0	0	0	0	0	0	0	0	0	0	0	0	0	0	3	2	15	32	32	39	29	11	5	0	0	0	0	0	0	0	0	0	0	0	0	0	0	0	0	8192	0.340	0.000	20.0	45.0	0
19/11/14	12:08:27	1	100	622.7	31.3	2.999	0.00984	0.339	0.00000	1019.1	0.15981	26.8	0.03895	0	0	0	0	0	0	0	0	0	0	0	0	0	0	0	0	0	0	0	0	0	0	0	0	0	0	0	0	0	0	0	0	0	0	0	3	2	15	32	32	39	29	11	5	0	0	0	0	0	0	0	0	0	0	0	0	0	0	0	0	8192	0.340	0.000	20.0	45.0	0
19/11/14	12:08:28	1	100	622.7	31.3	2.999	0.00984	0.339	0.00000	1019.1	0.15981	26.8	0.03895	0	0	0	0	0	0	0	0	0	0	0	0	0	0	0	0	0	0	0	0	0	0	0	0	0	0	0	0	0	0	0	0	0	0	0	3	2	15	32	32	39	29	11	5	0	0	0	0	0	0	0	0	0	0	0	0	0	0	0	0	8192	0.340	0.000	20.0	45.0	0
19/11/14	12:08:29	1	100	622.7	31.3	2.999	0.00984	0.339	0.00000	1019.1	0.15981	26.8	0.03895	0	0	0	0	0	0	0	0	0	0	0	0	0	0	0	0	0	0	0	0	0	0	0	0	0	0	0	0	0	0	0	0	0	0	0	3	2	15	32	32	39	29	11	5	0	0	0	0	0	0	0	0	0	0	0	0	0	0	0	0	8192	0.339	0.000	20.0	45.1	0
19/11/14	12:08:30	1	100	622.7	31.3	2.999	0.00984	0.339	0.00000	1019.1	0.15981	26.8	0.03895	0	0	0	0	0	0	0	0	0	0	0	0	0	0	0	0	0	0	0	0	0	0	0	0	0	0	0	0	0	0	0	0	0	0	0	3	2	15	32	32	39	29	11	5	0	0	0	0	0	0	0	0	0	0	0	0	0	0	0	0	8192	0.340	0.000	20.0	45.0	0
19/11/14	12:08:31	1	100	622.7	31.3	2.999	0.00984	0.339	0.00000	1019.1	0.15981	26.8	0.03895	0	0	0	0	0	0	0	0	0	0	0	0	0	0	0	0	0	0	0	0	0	0	0	0	0	0	0	0	0	0	0	0	0	0	0	3	2	15	32	32	39	29	11	5	0	0	0	0	0	0	0	0	0	0	0	0	0	0	0	0	8192	0.340	0.000	20.0	45.0	0
19/11/14	12:08:32	1	100	622.7	31.3	2.999	0.00984	0.339	0.00000	1019.1	0.15981	26.8	0.03895	0	0	0	0	0	0	0	0	0	0	0	0	0	0	0	0	0	0	0	0	0	0	0	0	0	0	0	0	0	0	0	0	0	0	0	3	2	15	32	32	39	29	11	5	0	0	0	0	0	0	0	0	0	0	0	0	0	0	0	0	8192	0.341	0.000	20.0	45.0	0
19/11/14	12:08:33	1	100	622.7	31.3	2.999	0.00984	0.339	0.00000	1019.1	0.15981	26.8	0.03895	0	0	0	0	0	0	0	0	0	0	0	0	0	0	0	0	0	0	0	0	0	0	0	0	0	0	0	0	0	0	0	0	0	0	0	3	2	15	32	32	39	29	11	5	0	0	0	0	0	0	0	0	0	0	0	0	0	0	0	0	8192	0.341	0.000	20.0	45.0	0
19/11/14	12:08:34	1	100	622.7	31.3	2.999	0.00984	0.339	0.00000	1019.1	0.15981	26.8	0.03895	0	0	0	0	0	0	0	0	0	0	0	0	0	0	0	0	0	0	0	0	0	0	0	0	0	0	0	0	0	0	0	0	0	0	0	3	2	15	32	32	39	29	11	5	0	0	0	0	0	0	0	0	0	0	0	0	0	0	0	0	8192	0.340	0.000	20.0	45.0	0
19/11/14	12:08:35	1	100	622.7	31.3	2.999	0.00984	0.339	0.00000	1019.1	0.15981	26.8	0.03895	0	0	0	0	0	0	0	0	0	0	0	0	0	0	0	0	0	0	0	0	0	0	0	0	0	0	0	0	0	0	0	0	0	0	0	3	2	15	32	32	39	29	11	5	0	0	0	0	0	0	0	0	0	0	0	0	0	0	0	0	8192	0.340	0.000	20.0	45.0	0
19/11/14	12:08:36	1	100	622.7	31.3	2.999	0.00984	0.339	0.00000	1019.1	0.15981	26.8	0.03895	0	0	0	0	0	0	0	0	0	0	0	0	0	0	0	0	0	0	0	0	0	0	0	0	0	0	0	0	0	0	0	0	0	0	0	3	2	15	32	32	39	29	11	5	0	0	0	0	0	0	0	0	0	0	0	0	0	0	0	0	8192	0.341	0.000	20.0	45.1	0
19/11/14	12:08:37	1	100	622.7	31.3	2.999	0.00984	0.339	0.00000	1019.1	0.15981	26.8	0.03895	0	0	0	0	0	0	0	0	0	0	0	0	0	0	0	0	0	0	0	0	0	0	0	0	0	0	0	0	0	0	0	0	0	0	0	3	2	15	32	32	39	29	11	5	0	0	0	0	0	0	0	0	0	0	0	0	0	0	0	0	8192	0.341	0.000	20.0	45.0	0
19/11/14	12:08:38	1	100	622.7	31.3	2.999	0.00984	0.339	0.00000	1019.1	0.15981	26.8	0.03895	0	0	0	0	0	0	0	0	0	0	0	0	0	0	0	0	0	0	0	0	0	0	0	0	0	0	0	0	0	0	0	0	0	0	0	3	2	15	32	32	39	29	11	5	0	0	0	0	0	0	0	0	0	0	0	0	0	0	0	0	8192	0.340	0.000	20.0	45.0	0
19/11/14	12:08:39	1	100	622.7	31.3	2.999	0.00984	0.339	0.00000	1019.1	0.15981	26.8	0.03895	0	0	0	0	0	0	0	0	0	0	0	0	0	0	0	0	0	0	0	0	0	0	0	0	0	0	0	0	0	0	0	0	0	0	0	3	2	15	32	32	39	29	11	5	0	0	0	0	0	0	0	0	0	0	0	0	0	0	0	0	8192	0.340	0.000	20.0	45.0	0
19/11/14	12:08:40	1	100	622.7	31.3	2.999	0.00984	0.339	0.00000	1019.1	0.15981	26.8	0.03895	0	0	0	0	0	0	0	0	0	0	0	0	0	0	0	0	0	0	0	0	0	0	0	0	0	0	0	0	0	0	0	0	0	0	0	3	2	15	32	32	39	29	11	5	0	0	0	0	0	0	0	0	0	0	0	0	0	0	0	0	8192	0.340	0.000	20.0	45.0	0
19/11/14	12:08:41	1	100	622.7	31.3	2.999	0.00984	0.339	0.00000	1019.1	0.15981	26.8	0.03895	0	0	0	0	0	0	0	0	0	0	0	0	0	0	0	0	0	0	0	0	0	0	0	0	0	0	0	0	0	0	0	0	0	0	0	3	2	15	32	32	39	29	11	5	0	0	0	0	0	0	0	0	0	0	0	0	0	0	0	0	8192	0.340	0.000	20.0	45.1	0
19/11/14	12:08:42	1	100	622.7	31.3	2.999	0.00984	0.339	0.00000	1019.1	0.15981	26.8	0.03895	0	0	0	0	0	0	0	0	0	0	0	0	0	0	0	0	0	0	0	0	0	0	0	0	0	0	0	0	0	0	0	0	0	0	0	3	2	15	32	32	39	29	11	5	0	0	0	0	0	0	0	0	0	0	0	0	0	0	0	0	8192	0.341	0.000	20.0	45.1	0
19/11/14	12:08:43	1	100	622.7	31.3	2.999	0.00984	0.339	0.00000	1019.1	0.15981	26.8	0.03895	0	0	0	0	0	0	0	0	0	0	0	0	0	0	0	0	0	0	0	0	0	0	0	0	0	0	0	0	0	0	0	0	0	0	0	3	2	15	32	32	39	29	11	5	0	0	0	0	0	0	0	0	0	0	0	0	0	0	0	0	8192	0.340	0.000	20.0	45.0	0
19/11/14	12:08:44	1	100	622.7	31.3	2.999	0.00984	0.339	0.00000	1019.1	0.15981	26.8	0.03895	0	0	0	0	0	0	0	0	0	0	0	0	0	0	0	0	0	0	0	0	0	0	0	0	0	0	0	0	0	0	0	0	0	0	0	3	2	15	32	32	39	29	11	5	0	0	0	0	0	0	0	0	0	0	0	0	0	0	0	0	8192	0.340	0.000	20.0	45.0	0
19/11/14	12:08:45	1	100	622.7	31.3	2.999	0.00984	0.339	0.00000	1019.1	0.15981	26.8	0.03895	0	0	0	0	0	0	0	0	0	0	0	0	0	0	0	0	0	0	0	0	0	0	0	0	0	0	0	0	0	0	0	0	0	0	0	3	2	15	32	32	39	29	11	5	0	0	0	0	0	0	0	0	0	0	0	0	0	0	0	0	8192	0.340	0.000	20.0	45.0	0
19/11/14	12:08:46	1	100	622.7	31.3	2.999	0.00984	0.339	0.00000	1019.1	0.15981	26.8	0.03895	0	0	0	0	0	0	0	0	0	0	0	0	0	0	0	0	0	0	0	0	0	0	0	0	0	0	0	0	0	0	0	0	0	0	0	3	2	15	32	32	39	29	11	5	0	0	0	0	0	0	0	0	0	0	0	0	0	0	0	0	8192	0.340	0.000	20.0	45.0	0
19/11/14	12:08:47	1	100	622.7	31.3	2.999	0.00984	0.339	0.00000	1019.1	0.15981	26.8	0.03895	0	0	0	0	0	0	0	0	0	0	0	0	0	0	0	0	0	0	0	0	0	0	0	0	0	0	0	0	0	0	0	0	0	0	0	3	2	15	32	32	39	29	11	5	0	0	0	0	0	0	0	0	0	0	0	0	0	0	0	0	8192	0.340	0.000	20.0	45.0	0
19/11/14	12:08:48	1	100	622.7	31.3	2.999	0.00984	0.339	0.00000	1019.1	0.15981	26.8	0.03895	0	0	0	0	0	0	0	0	0	0	0	0	0	0	0	0	0	0	0	0	0	0	0	0	0	0	0	0	0	0	0	0	0	0	0	3	2	15	32	32	39	29	11	5	0	0	0	0	0	0	0	0	0	0	0	0	0	0	0	0	8192	0.340	0.000	20.0	45.0	0
